-0.16236942019771186
-0.09933381991551593
-0.037781001631542854
-0.051124393719159035
-0.03882252055180241
-0.048803283360092285
-0.03627041307907288
-0.03080477924168758
-0.026422464119408202
-0.023038440707470798
-0.020409705430667002
-0.018344969529888105
-0.016703159131234196
-0.015380705648885504
-0.014301345800732945
-0.013408611272050489
-0.01266040968548541
-0.012025138931295809
-0.011478900110116244
-0.01100349051106056
-0.010584949632824312
-0.010212498477427159
-0.0098777600475774
-0.009574182302434564
-0.009296607975291813
-0.009040951741611921
-0.008803956445735589
-0.008583007968330605
-0.008375993882583643
-0.008181195012926487
-0.007997201858768269
-0.007822849908444368
-0.007657169373824648
-0.007499345982556342
-0.007348690283947773
-0.007204613534650767
-0.007066608687496516
-0.006934235351320678
-0.00680710785043769
-0.006684885710826649
-0.0065672660516274866
-0.006453977476750926
-0.006344775150811564
-0.006239436812623196
-0.006137759532943913
-0.006039557064663646
-0.005944657665941859
-0.005852902302027878
-0.005764143151223894
-0.005678242355923614
-0.005595070971823157
-0.005514508077959075
-0.0054364400177938366
-0.00536075974752669
-0.005287366272539747
-0.005216164156638077
-0.005147063091721388
-0.0050799775178989965
-0.005014826285953687
-0.004951532355572931
-0.004890022523976513
-0.004830227180542435
-0.004772080083818103
-0.004715518157926822
-0.004660481305895747
-0.004606912237841793
-0.004554756312278779
-0.0045039613890976255
-0.0044544776929755225
-0.004406257686166565
-0.004359255949768391
-0.0043134290726852915
-0.004268735547612691
-0.004225135673449408
-0.004182591463618675
-0.004141066559837148
-0.004100526150925737
-0.004060936896289631
-0.004022266853746154
-0.003984485411395992
-0.003947563223272943
-0.003911472148520871
-0.0038761851938791205
-0.003841676459261386
-0.0038079210862432913
-0.003774895209280251
-0.003742575909493571
-0.0037109411708697673
-0.003679969838738565
-0.003649641580390453
-0.0036199368477164476
-0.0035908368417567707
-0.003562323479043792
-0.003534379359647464
-0.0035069877368226754
-0.0034801324881731793
-0.0034537980882493415
-0.0034279695824974052
-0.0034026325624949096
-0.003377773142393084
-0.0033533779365105634
-0.0033294340380111095
-0.003305928998607599
-0.00328285080924443
-0.0032601878816969077
-0.003237929031049631
-0.0032160634589998988
-0.0031945807379473493
-0.0031734707958287756
-0.0031527239016576106
-0.0031323306517362878
-0.0031122819565010027
-0.0030925690279718413
-0.0030731833677754145
-0.003054116755709981
-0.003035361238828855
-0.0030169091210139423
-0.002998752953014263
-0.002980885522929628
-0.0029632998471130953
-0.002945989161475209
-0.0029289469131708926
-0.002912166752643261
-0.002895642526018427
-0.002879368267824136
-0.0028633381940223516
-0.0028475466953374836
-0.002831988330871111
-0.002816657821981904
-0.0028015500464262377
-0.0027866600327416855
-0.002771982954864402
-0.002757514126969382
-0.002743248998521538
-0.002729183149531319
-0.002715312286002571
-0.002701632235562468
-0.0026881389432714814
-0.002674828467597067
-0.002661696976551664
-0.0026487407439800825
-0.0026359561459954376
-0.0026233396575549295
-0.002610887849168233
-0.0025985973837342607
-0.002586465013498754
-0.0025744875771315187
-0.0025626619969120745
-0.0025509852760250648
-0.002539454495955634
-0.002528066813984181
-0.002516819460774274
-0.0025057097380506155
-0.00249473501636271
-0.0024838927329312636
-0.002473180389574045
-0.0024625955507041517
-0.0024521358414065267
-0.002441798945579004
-0.0024315826041418306
-0.0024214846133118056
-0.0024115028229364835
-0.0024016351348884143
-0.0023918795015150283
-0.0023822339241433566
-0.0023726964516363005
-0.0023632651789992957
-0.0023539382460353356
-0.0023447138360447595
-0.002335590174571527
-0.0023265655281901423
-0.0023176382033349477
-0.0023088065451672274
-0.002300068936482732
-0.002291423796652592
-0.0022828695806014904
-0.002274404777818919
-0.002266027911402286
-0.0022577375371321587
-0.0022495322425776045
-0.0022414106462285512
-0.0022333713966585698
-0.0022254131717139164
-0.002217534677726928
-0.002209734648755938
-0.002202011845848765
-0.0021943650563284226
-0.0021867930931027727
-0.002179294793994424
-0.0021718690210915472
-0.0021645146601203306
-0.0021572306198335833
-0.002150015831420609
-0.0021428692479342295
-0.002135789843735062
-0.0021287766139521194
-0.002121828573960353
-0.0021149447588739803
-0.00210812422305288
-0.002101366039626786
-0.002094669300030577
-0.0020880331135548816
-0.002081456606909065
-0.00207493892379688
-0.00206847922450507
-0.0020620766855034603
-0.00205573049905583
-0.0020494398728422617
-0.0020432040295934365
-0.002037022206733685
-0.002030893656034797
-0.0020248176432788403
-0.002018793447931183
-0.0020128203628226224
-0.002006897693840414
-0.002001024759625968
-0.0019952008912840027
-0.0019894254320962693
-0.0019836977372465017
-0.001978017173549368
-0.0019723831191890695
-0.0019667949634646124
-0.0019612521065409394
-0.0019557539592081944
-0.0019502999426446825
-0.0019448894881897438
-0.0019395220371197924
-0.001934197040431282
-0.0019289139586287547
-0.001923672261520191
-0.0019184714280146519
-0.0019133109459273888
-0.001908190311789219
-0.0019031090306616861
-0.0018980666159546476
-0.0018930625892507093
-0.0018880964801335266
-0.0018831678260200584
-0.0018782761719963643
-0.0018734210706588723
-0.0018686020819600145
-0.0018638187730547807
-0.0018590707181541006
-0.0018543574983794036
-0.0018496787016245668
-0.00184503392241613
-0.0018404227617800546
-0.0018358448271108042
-0.001831299732045516
-0.0018267870963365601
-0.0018223065457322607
-0.0018178577118582128
-0.0018134402321002597
-0.0018090537494919363
-0.001804697912604199
-0.001800372375437333
-0.0017960767973153463
-0.0017918108427841667
-0.0017875741815096592
-0.0017833664881812816
-0.0017791874424135333
-0.0017750367286543018
-0.0017709140360929788
-0.0017668190585696613
-0.001762751494489535
-0.0017587110467354912
-0.0017546974225857298
-0.0017507103336315462
-0.001746749495697572
-0.0017428146287632451
-0.0017389054568871336
-0.0017350217081310664
-0.0017311631144883016
-0.0017273294118112746
-0.0017235203397416206
-0.0017197356416420496
-0.0017159750645290156
-0.0017122383590086564
-0.0017085252792099586
-0.0017048355827249256
-0.0017011690305450966
-0.0016975253870027268
-0.0016939044197114977
-0.0016903058995095162
-0.0016867296004013422
-0.0016831752995048975
-0.001679642776996541
-0.0016761318160578298
-0.001672642202824139
-0.0016691737263343266
-0.0016657261784801165
-0.0016622993539582298
-0.0016588930502221266
-0.001655507067436381
-0.0016521412084294224
-0.0016487952786503935
-0.0016454690861236188
-0.0016421624414073577
-0.0016388751575493882
-0.0016356070500481619
-0.001632357936810186
-0.0016291276381122006
-0.0016259159765605509
-0.0016227227770544556
-0.0016195478667482232
-0.0016163910750135642
-0.001613252233405027
-0.0016101311756247516
-0.0016070277374867308
-0.00160394175688366
-0.0016008730737540472
-0.0015978215300493832
-0.0015947869697017596
-0.0015917692385926617
-0.0015887681845229522
-0.0015857836571815016
-0.0015828155081166566
-0.001579863590706318
-0.0015769277601305521
-0.0015740078733423913
-0.0015711037890411284
-0.0015682153676452454
-0.0015653424712654314
-0.001562484963679921
-0.0015596427103079606
-0.0015568155781853082
-0.0015540034359388388
-0.0015512061537639316
-0.0015484236033998556
-0.0015456556581058545
-0.001542902192640393
-0.0015401630832371134
-0.001537438207583212
-0.0015347274447978139
-0.001532030675411138
-0.0015293477813434857
-0.001526678645884752
-0.00152402315367411
-0.0015213811906805152
-0.0015187526441836907
-0.0015161374027539837
-0.001513535356234913
-0.0015109463957240915
-0.0015083704135546716
-0.0015058073032793255
-0.0015032569596504554
-0.0015007192786050856
-0.0014981941572470108
-0.001495681493829874
-0.0014931811877420542
-0.0014906931394895971
-0.0014882172506812813
-0.0014857534240124103
-0.0014833015632501518
-0.0014808615732185189
-0.0014784333597834681
-0.0014760168298385001
-0.0014736118912907538
-0.0014712184530465227
-0.0014688364249980563
-0.0014664657180093327
-0.001464106243903802
-0.0014617579154501358
-0.0014594206463506797
-0.0014570943512275298
-0.0014547789456111904
-0.001452474345927555
-0.0014501804694857835
-0.0014478972344675507
-0.0014456245599145379
-0.0014433623657164097
-0.0014411105726009343
-0.0014388691021224125
-0.0014366378766498406
-0.001434416819357164
-0.0014322058542127435
-0.0014300049059683222
-0.0014278139001491542
-0.0014256327630433792
-0.0014234614216937734
-0.0014212998038855053
-0.0014191478381384663
-0.0014170054536971528
-0.001414872580521263
-0.0014127491492764016
-0.0014106350913257691
-0.0014085303387204133
-0.0014064348241910006
-0.0014043484811385547
-0.001402271243627411
-0.0014002030463749482
-0.0013981438247446752
-0.0013960935147381466
-0.0013940520529859002
-0.0013920193767404342
-0.001389995423869167
-0.0013879801328447506
-0.001385973442739862
-0.0013839752932178252
-0.0013819856245269
-0.0013800043774921434
-0.0013780314935083564
-0.001376066914533916
-0.001374110583083112
-0.0013721624422195582
-0.0013702224355499383
-0.0013682905072161754
-0.0013663666018910077
-0.0013644506647703069
-0.0013625426415663823
-0.0013606424785032785
-0.0013587501223084886
-0.0013568655202095964
-0.0013549886199261303
-0.0013531193696651594
-0.0013512577181142664
-0.001349403614437426
-0.0013475570082677284
-0.0013457178497029987
-0.0013438860892998616
-0.0013420616780691664
-0.0013402445674693907
-0.0013384347094024067
-0.0013366320562078898
-0.0013348365606587337
-0.0013330481759557394
-0.0013312668557223333
-0.0013294925540000095
-0.0013277252252441446
-0.001325964824318418
-0.0013242113064906903
-0.001322464627427906
-0.0013207247431916518
-0.0013189916102343408
-0.001317265185394087
-0.0013155454258910089
-0.001313832289322021
-0.0013121257336572063
-0.0013104257172360523
-0.0013087321987624995
-0.0013070451373008256
-0.0013053644922727953
-0.0013036902234524333
-0.0013020222909633182
-0.0013003606552734331
-0.0012987052771916974
-0.0012970561178653843
-0.0012954131387754124
-0.0012937763017326631
-0.0012921455688745716
-0.001290520902661042
-0.001288902265872684
-0.0012872896216051626
-0.001285682933267478
-0.0012840821645771678
-0.0012824872795585418
-0.0012808982425379274
-0.0012793150181411583
-0.001277737571290613
-0.0012761658672015425
-0.0012745998713790951
-0.0012730395496151163
-0.0012714848679860151
-0.0012699357928484302
-0.0012683922908375694
-0.0012668543288623148
-0.0012653218741049965
-0.0012637948940164984
-0.0012622733563142456
-0.0012607572289793922
-0.0012592464802541382
-0.001257741078639028
-0.0012562409928892442
-0.0012547461920139151
-0.0012532566452719645
-0.001251772322170025
-0.0012502931924603944
-0.0012488192261372922
-0.0012473503934357273
-0.001245886664828356
-0.0012444280110233223
-0.0012429744029609873
-0.0012415258118134754
-0.0012400822089798879
-0.00123864356608643
-0.0012372098549820788
-0.0012357810477376895
-0.0012343571166438712
-0.0012329380342072465
-0.0012315237731499128
-0.001230114306406511
-0.0012287096071225366
-0.0012273096486516328
-0.0012259144045543336
-0.001224523848595611
-0.0012231379547423215
-0.0012217566971619669
-0.0012203800502211398
-0.0012190079884823873
-0.001217640486702749
