-0.0704658172142524
-0.04973470263387534
-0.04431004243814446
-0.04210111469802771
-0.04133288722137344
-0.04150057655892181
-0.04230522048256102
-0.04350158496112098
-0.0448501496604547
-0.04610177249444216
-0.047017917863747184
-0.047407244861825126
-0.04715967802271973
-0.0462730814287848
-0.04485346178871691
-0.04307135340999135
-0.041101090257780366
-0.039081454832885165
-0.03710561220381952
-0.03522777436293106
-0.03347446991453056
-0.03185460329855358
-0.030366766226157055
-0.029004030625692262
-0.027756894174231262
-0.02661500098632898
-0.02556809514670159
-0.02460651166616409
-0.023721397109844628
-0.022904777404122237
-0.02214954303273724
-0.021449392756588814
-0.020798759442559305
-0.020192731137137616
-0.01962697437488694
-0.019097663148317786
-0.01860141493948109
-0.018135234095539937
-0.017696462244087257
-0.017282735164487712
-0.0168919454257274
-0.01652221009049518
-0.016171842823500617
-0.01583932980284686
-0.01552330890169764
-0.01522255167541398
-0.014935947752700766
-0.014662491286309587
-0.014401269168983814
-0.014151450763799667
-0.013912278935379984
-0.013683062200290646
-0.013463167841987483
-0.013252015858602263
-0.013049073631260283
-0.01285385121703661
-0.012665897184538042
-0.012484794921855988
-0.012310159356588196
-0.012141634036081997
-0.011978888523220576
-0.011821616069187196
-0.011669531529845026
-0.01152236949681308
-0.011379882618125175
-0.011241840086612415
-0.011108026276954822
-0.010978239514747098
-0.010852290963007544
-0.01073000361334669
-0.010611211370564139
-0.010495758220790024
-0.010383497474451888
-0.010274291076368345
-0.010168008976154365
-0.010064528552899882
-0.00996373408875803
-0.009865516286676167
-0.00976977182802225
-0.009676402966317338
-0.009585317153690391
-0.00949642669702756
-0.009409648441101063
-0.00932490347624464
-0.00924211686838718
-0.009161217409477172
-0.009082137386523725
-0.00900481236765563
-0.008929181003753431
-0.008855184844347712
-0.00878276816660155
-0.008711877816303308
-0.008642463059898575
-0.008574475446674517
-0.00850786868029525
-0.008442598498952961
-0.008378622563469546
-0.00831590035273832
-0.00825439306594947
-0.008194063531091027
-0.008134876119259461
-0.00807679666435282
-0.008019792387756084
-0.007963831827659681
-0.007908884772680229
-0.00785492219948204
-0.007801916214118615
-0.007749839996838831
-0.007698667750119201
-0.007648374649705039
-0.00759893679845807
-0.007550331182823704
-0.0075025356317467715
-0.007455528777874961
-0.007409290020902661
-0.00736379949291783
-0.007319038025626446
-0.007274987119333928
-0.007231628913576531
-0.007188946159299992
-0.00714692219249063
-0.007105540909170848
-0.007064786741677292
-0.007024644636145538
-0.006985100031129223
-0.006946138837287928
-0.006907747418081405
-0.006869912571411972
-0.006832621512161592
-0.006795861855572664
-0.006759621601424155
-0.006723889118961092
-0.006688653132532728
-0.006653902707903696
-0.006619627239198594
-0.006585816436447811
-0.006552460313702408
-0.006519549177685599
-0.006487073616955768
-0.006455024491551616
-0.006423392923095693
-0.006392170285332572
-0.00636134819507901
-0.0063309185035656254
-0.006300873288150057
-0.006271204844383133
-0.006241905678410871
-0.006212968499694784
-0.006184386214036085
-0.006156151916888282
-0.0061282588869444226
-0.006100700579985807
-0.006073470622979944
-0.006046562808415652
-0.006019971088864469
-0.0059936895717573775
-0.0059677125143675095
-0.0059420343189889565
-0.005916649528303006
-0.0058915528209222716
-0.005866739007106991
-0.0058422030246426246
-0.005817939934875209
-0.005793944918893602
-0.005770213273855843
-0.005746740409450522
-0.0057235218444890365
-0.005700553203622442
-0.005677830214177397
-0.0056553487031066425
-0.0056331045940487745
-0.005611093904493092
-0.005589312743044289
-0.005567757306784504
-0.005546423878726644
-0.005525308825357243
-0.005504408594263179
-0.005483719711841111
-0.005463238781084252
-0.005442962479444725
-0.005422887556767743
-0.005403010833295433
-0.005383329197737041
-0.005363839605402802
-0.005344539076400007
-0.0053254246938874315
-0.005306493602387111
-0.0052877430061505125
-0.005269170167577319
-0.00525077240568525
-0.005232547094627958
-0.005214491662260211
-0.005196603588748042
-0.005178880405222936
-0.0051613196924770064
-0.005143919079699248
-0.005126676243250473
-0.005109588905476065
-0.005092654833553713
-0.005075871838377999
-0.005059237773476649
-0.005042750533960683
-0.005026408055504933
-0.005010208313359081
-0.004994149321388174
-0.004978229131140711
-0.004962445830944402
-0.0049467975450280645
-0.004931282432668463
-0.004915898687362199
-0.0049006445360214495
-0.004885518238191406
-0.004870518085291175
-0.004855642399875597
-0.004840889534917431
-0.004826257873109687
-0.004811745826187757
-0.0047973518342696595
-0.004783074365214668
-0.004768911913999598
-0.00475486300211164
-0.0047409261769580215
-0.004727100011291593
-0.004713383102651317
-0.004699774072818168
-0.00468627156728557
-0.004672874254743073
-0.004659580826574694
-0.004646389996369201
-0.00463330049944444
-0.004620311092382714
-0.004607420552579194
-0.00459462767780131
-0.004581931285759692
-0.004569330213689868
-0.004556823317944958
-0.004544409473597914
-0.004532087574054437
-0.004519856530675217
-0.004507715272407961
-0.004495662745427852
-0.0044836979127875045
-0.004471819754075565
-0.004460027265082769
-0.004448319457477412
-0.0044366953584879226
-0.004425154010592697
-0.004413694471218826
-0.004402315812446317
-0.0043910171207207456
-0.004379797496571847
-0.004368656054339348
-0.004357591921904685
-0.004346604240429469
-0.00433569216410026
-0.004324854859878162
-0.004314091507255687
-0.004303401298018065
-0.004292783436010787
-0.004282237136912039
-0.004271761628010222
-0.0042613561479872405
-0.004251019946705822
-0.0042407522850020606
-0.0042305524344824225
-0.004220419677325955
-0.004210353306089618
-0.004200352623519129
-0.004190416942363249
-0.004180545585192733
-0.004170737884222573
-0.004160993181138677
-0.004151310826928089
-0.004141690181712878
-0.004132130614587508
-0.004122631503460146
-0.004113192234896645
-0.004103812203968692
-0.004094490814104305
-0.004085227476942167
-0.004076021612189098
-0.004066872647479398
-0.0040577800182387954
-0.004048743167549959
-0.004039761546021352
-0.004030834611658592
-0.004021961829738922
-0.0040131426726872695
-0.004004376619955928
-0.003995663157906161
-0.003987001779692173
-0.003978391985147932
-0.0039698332806750595
-0.003961325179134779
-0.003952867199740394
-0.003944458867952824
-0.003936099715377997
-0.003927789279666054
-0.003919527104413038
-0.003911312739063951
-0.0039031457388181306
-0.00389502566453631
-0.0038869520826495824
-0.00387892456506982
-0.0038709426891024366
-0.0038630060373600968
-0.0038551141976788574
-0.0038472667630349857
-0.0038394633314644856
-0.0038317035059831504
-0.0038239868945087034
-0.003816313109784229
-0.0038086817693030912
-0.0038010924952351973
-0.0037935449143548738
-0.003786038657969513
-0.00377857336185038
-0.00377114866616405
-0.0037637642154052515
-0.003756419658331228
-0.0037491146478967805
-0.003741848841191303
-0.0037346218993759644
-0.0037274334876228284
-0.003720283275054794
-0.0037131709346865725
-0.003706096143366802
-0.00369905858172101
-0.0036920579340961866
-0.003685093888505376
-0.003678166136574311
-0.003671274373488203
-0.00366441829793978
-0.003657597612078303
-0.003650812021459261
-0.0036440612349954334
-0.0036373449649078926
-0.0036306629266790007
-0.003624014839005089
-0.0036174004237510757
-0.003610819405904952
-0.0036042715135332568
-0.0035977564777379
-0.0035912740326130184
-0.0035848239152028844
-0.0035784058654605173
-0.003572019626206712
-0.003565664943090515
-0.0035593415645492703
-0.003553049241770422
-0.003546787728653121
-0.003540556781771133
-0.0035343561603355792
-0.003528185626159233
-0.0035220449436206606
-0.003515933879629319
-0.0035098522035911916
-0.0035037996873747055
-0.0034977761052777108
-0.003491781233994616
-0.0034858148525841915
-0.003479876742437643
-0.0034739666872479857
-0.0034680844729787015
-0.0034622298878339845
-0.003456402722228935
-0.0034506027687600718
-0.0034448298221771683
-0.0034390836793542884
-0.0034333641392624245
-0.003427671002941803
-0.003422004073474988
-0.003416363155960439
-0.0034107480574860176
-0.003405158587103828
-0.00339959455580444
-0.0033940557764919354
-0.0033885420639597277
-0.0033830532348660624
-0.0033775891077104663
-0.0033721495028101317
-0.0033667342422769564
-0.003361343149994634
-0.003355976051596736
-0.0033506327744442046
-0.0033453131476039854
-0.0033400170018275167
-0.0033347441695296925
-0.0033294944847681494
-0.003324267783223114
-0.0033190639021767362
-0.0033138826804939973
-0.0033087239586025064
-0.0033035875784738224
-0.0032984733836043524
-0.0032933812189964926
-0.0032883109311406095
-0.003283262367996627
-0.0032782353789764644
-0.0032732298149262544
-0.0032682455281090803
-0.0032632823721880423
-0.0032583402022091997
-0.0032534188745851635
-0.0032485182470787985
-0.0032436381787870074
-0.0032387785301247994
-0.0032339391628100587
-0.0032291199398475916
-0.0032243207255142504
-0.0032195413853439558
-0.003214781786112783
-0.0032100417958246474
-0.0032053212836967125
-0.0032006201201451763
-0.00319593817677189
-0.0031912753263498676
-0.003186631442810273
-0.003182006401228741
-0.003177400077812479
-0.003172812349886825
-0.0031682430958829455
-0.003163692195324966
-0.0031591595288172746
-0.003154644978032819
-0.003150148425700296
-0.0031456697555927635
-0.0031412088525153477
-0.003136765602294119
-0.0031323398917642888
-0.0031279316087589534
-0.003123540642098016
-0.003119166881576954
-0.00311481021795626
-0.0031104705429505276
-0.003106147749217962
-0.0031018417303497713
-0.003097552380860149
-0.003093279596175904
-0.0030890232726266172
-0.003084783307434493
-0.0030805595987048527
-0.0030763520454165512
-0.003072160547412017
-0.003067985005388461
-0.0030638253208882834
-0.0030596813962901134
-0.003055553134799426
-0.003051440440440154
-0.003047343218045678
-0.0030432613732501953
-0.0030391948124799586
-0.0030351434429452435
-0.0030311071726314737
-0.003027085910291632
-0.0030230795654377046
-0.003019088048332463
-0.003015111269982478
-0.0030111491421290306
-0.0030072015772415494
-0.0030032684885091285
-0.00299934978983362
-0.002995445395821937
-0.0029915552217786284
-0.0029876791836988092
-0.0029838171982610926
-0.00297996918282019
-0.0029761350554002226
-0.0029723147346878754
-0.002968508140025352
-0.002964715191403972
-0.002960935809457209
-0.002957169915454323
-0.002953417431293947
-0.0029496782794974463
-0.002945952383203087
-0.002942239666159329
-0.0029385400527187125
-0.0029348534678321427
-0.0029311798370425315
-0.0029275190864790942
-0.0029238711428511755
-0.0029202359334426866
-0.002916613386106669
-0.002913003429258916
-0.002909405991872982
-0.0029058210034745915
-0.0029022483941358156
-0.002898688094470256
-0.0028951400356271727
-0.002891604149286593
-0.0028880803676540347
-0.0028845686234551648
-0.002881068849931072
-0.002877580980832971
-0.0028741049504173305
-0.002870640693441079
-0.002867188145156704
-0.00286374724130733
-0.0028603179181222013
