-1.0000 -0.7363 1.0000 1.0000 -0.3424 1.0000 1.0000 -0.2007 1.0000 -1.0000 -1.0000 -1.0000 -1.0000 -1.0000 0.8111 1.0000 1.0000 -1.0000
-0.0420 0.3234 0.2421 0.2322 1.0000 0.1795 0.1701 -1.0000 0.1786 -0.2252 -0.1777 0.4906 0.0979 0.2472 0.8200 -0.7084 -0.8319 0.1695
0.3065 0.5579 -0.1920 -0.2091 0.2423 -0.1419 -0.1208 -0.0515 -0.1122 0.0600 0.7681 0.3306 0.3958 0.8998 1.0000 -0.3047 0.1066 0.7173
0.6756 0.7833 -0.6816 -0.7080 -0.0585 -0.4897 -0.4538 0.3925 -0.4467 0.3559 0.3713 0.6717 0.3001 1.0000 -1.0000 -0.8358 -1.0000 0.8252
1.0000 1.0000 -1.0000 -1.0000 -0.5317 -0.8382 -0.8090 1.0000 -0.8060 0.7484 0.6257 1.0000 1.0000 0.8590 0.8787 -1.0000 -0.8148 1.0000
0.9217 0.7368 -0.9905 -0.9177 -0.5353 -1.0000 -0.9215 0.8653 -0.9201 0.9077 1.0000 0.4459 0.1935 0.8815 0.7406 0.2807 0.3660 0.8170
0.6873 0.3698 -0.8225 -0.7194 -0.6038 -0.9453 -1.0000 0.7391 -1.0000 1.0000 -0.2652 -0.5566 -0.7909 0.6197 0.1288 -0.1257 0.1412 -0.2194
0.4461 0.1570 -0.4775 -0.3467 -0.6882 -0.7033 -0.8477 0.7119 -0.8452 0.9108 0.4536 0.0072 0.0488 0.6696 0.7621 -0.0948 0.3140 0.3624
0.0000 -0.3752 -0.0988 0.0517 -0.8307 -0.3441 -0.6409 0.5650 -0.6357 0.7043 0.1398 -0.3231 -0.4429 0.5821 0.1873 0.1678 0.4215 0.0575
-0.5137 -1.0000 0.2934 0.4790 -1.0000 -0.0144 -0.4041 0.3837 -0.3967 0.4366 -0.5536 0.0218 -0.6950 0.1011 0.4137 -0.2776 -0.4070 -0.3438
