38.0409 4298.4253 1.3351 0.4158 118.4308 0.7835 0.5283 0.9862 0.7269 4.0172 3932.0000 369.8478 103.5690 52.3427 68.3008 0.7253 0.8593 4576.0000
40.0129 4549.2473 1.2819 0.2562 134.0289 0.7757 0.5135 0.9853 0.7166 4.1535 6568.0000 978.1463 153.4640 86.9101 68.6368 0.4924 0.6511 10088.0000
40.7311 4604.8314 1.2514 0.1644 125.3565 0.7727 0.5082 0.9864 0.7129 4.2046 9600.0000 912.8326 167.0000 105.0000 75.4258 0.5475 0.7577 12669.5000
41.4900 4658.1015 1.2170 0.0607 121.7297 0.7694 0.5024 0.9869 0.7088 4.2557 8328.0000 1052.0286 162.6523 107.7767 0.0000 0.4751 0.6320 13178.0000
42.1578 4709.3973 1.1947 0.0000 116.2315 0.7661 0.4960 0.9877 0.7043 4.3248 9143.5000 1186.0113 194.4587 103.8682 70.8519 0.4527 0.6530 14002.0000
41.9966 4647.1019 1.1953 0.0171 116.1903 0.7646 0.4940 0.9875 0.7029 4.3528 10343.5000 959.9037 157.8095 104.4927 65.6434 0.6273 0.7872 13139.5000
41.5141 4560.2367 1.2071 0.0583 115.3940 0.7651 0.4926 0.9874 0.7019 4.3691 6287.5000 550.8011 113.0728 97.2346 42.5701 0.5719 0.7617 8255.0000
41.0177 4509.8662 1.2314 0.1358 114.4130 0.7674 0.4953 0.9873 0.7038 4.3534 8592.0000 780.8671 151.2317 98.6203 66.4532 0.5761 0.7813 10997.0000
40.0994 4383.8943 1.2580 0.2187 112.7572 0.7708 0.4990 0.9872 0.7064 4.3171 7586.0000 646.0975 128.8844 96.1933 44.7751 0.6119 0.7935 9560.0000
39.0419 4236.0176 1.2855 0.3075 110.7902 0.7739 0.5032 0.9869 0.7094 4.2699 5363.0000 786.8082 117.4296 82.8609 53.3163 0.5512 0.6994 7668.5000
0.0000 0.0000 0.0000 0.1109 0.0000 0.0000 0.0000 0.0000 0.0000 0.0000 0.0000 0.0000 0.0000 0.0000 75.4258 0.0000 0.0000 0.0000
0.0000 0.0000 0.0000 0.1109 0.0000 0.0000 0.0000 0.0000 0.0000 0.0000 0.0000 0.0000 0.0000 0.0000 75.4258 0.0000 0.0000 0.0000
0.0000 0.0000 0.0000 0.1109 0.0000 0.0000 0.0000 0.0000 0.0000 0.0000 0.0000 0.0000 0.0000 0.0000 75.4258 0.0000 0.0000 0.0000
0.0000 0.0000 0.0000 0.1109 0.0000 0.0000 0.0000 0.0000 0.0000 0.0000 0.0000 0.0000 0.0000 0.0000 75.4258 0.0000 0.0000 0.0000
0.0000 0.0000 0.0000 0.1109 0.0000 0.0000 0.0000 0.0000 0.0000 0.0000 0.0000 0.0000 0.0000 0.0000 75.4258 0.0000 0.0000 0.0000
0.0000 0.0000 0.0000 0.1109 0.0000 0.0000 0.0000 0.0000 0.0000 0.0000 0.0000 0.0000 0.0000 0.0000 75.4258 0.0000 0.0000 0.0000
0.0000 0.0000 0.0000 0.1109 0.0000 0.0000 0.0000 0.0000 0.0000 0.0000 0.0000 0.0000 0.0000 0.0000 75.4258 0.0000 0.0000 0.0000
0.0000 0.0000 0.0000 0.1109 0.0000 0.0000 0.0000 0.0000 0.0000 0.0000 0.0000 0.0000 0.0000 0.0000 75.4258 0.0000 0.0000 0.0000
0.0000 0.0000 0.0000 0.1109 0.0000 0.0000 0.0000 0.0000 0.0000 0.0000 0.0000 0.0000 0.0000 0.0000 75.4258 0.0000 0.0000 0.0000
0.0000 0.0000 0.0000 0.1109 0.0000 0.0000 0.0000 0.0000 0.0000 0.0000 0.0000 0.0000 0.0000 0.0000 75.4258 0.0000 0.0000 0.0000
